  year          age         mx       qx     ax     lx       dx      Lx       Tx     ex
  2019           0      0.00585  0.00582  0.14  100000     582   99498  7900290  79.00
  2019           1      0.00040  0.00040  0.50   99418      40   99398  7800793  78.46
  2019           2      0.00024  0.00024  0.50   99378      24   99366  7701395  77.50
  2019           3      0.00018  0.00018  0.50   99354      18   99345  7602028  76.51
  2019           4      0.00014  0.00014  0.50   99336      14   99329  7502683  75.53
  2019           5      0.00013  0.00013  0.50   99322      13   99315  7403355  74.54
  2019           6      0.00012  0.00012  0.50   99308      12   99302  7304040  73.55
  2019           7      0.00011  0.00011  0.50   99296      11   99291  7204737  72.56
  2019           8      0.00011  0.00011  0.50   99285      11   99280  7105447  71.57
  2019           9      0.00011  0.00011  0.50   99275      11   99269  7006167  70.57
  2019          10      0.00011  0.00011  0.50   99264      11   99258  6906897  69.58
  2019          11      0.00012  0.00012  0.50   99253      12   99247  6807639  68.59
  2019          12      0.00014  0.00014  0.50   99241      14   99234  6708392  67.60
  2019          13      0.00016  0.00016  0.50   99227      16   99219  6609158  66.61
  2019          14      0.00020  0.00020  0.50   99211      20   99201  6509939  65.62
  2019          15      0.00026  0.00026  0.50   99192      26   99178  6410737  64.63
  2019          16      0.00035  0.00035  0.50   99165      34   99148  6311559  63.65
  2019          17      0.00044  0.00044  0.50   99131      44   99109  6212411  62.67
  2019          18      0.00061  0.00061  0.50   99087      61   99057  6113301  61.70
  2019          19      0.00066  0.00066  0.50   99027      65   98994  6014244  60.73
  2019          20      0.00074  0.00074  0.50   98962      73   98925  5915250  59.77
  2019          21      0.00086  0.00086  0.50   98889      85   98846  5816325  58.82
  2019          22      0.00089  0.00089  0.50   98804      88   98760  5717478  57.87
  2019          23      0.00096  0.00096  0.50   98716      95   98668  5618719  56.92
  2019          24      0.00099  0.00099  0.50   98621      98   98572  5520050  55.97
  2019          25      0.00108  0.00107  0.50   98523     106   98470  5421478  55.03
  2019          26      0.00113  0.00113  0.50   98417     112   98361  5323008  54.09
  2019          27      0.00117  0.00117  0.50   98306     115   98248  5224647  53.15
  2019          28      0.00125  0.00125  0.50   98190     122   98129  5126399  52.21
  2019          29      0.00130  0.00130  0.50   98068     127   98004  5028270  51.27
  2019          30      0.00136  0.00136  0.50   97941     134   97874  4930266  50.34
  2019          31      0.00140  0.00139  0.50   97807     136   97739  4832392  49.41
  2019          32      0.00141  0.00141  0.50   97671     138   97602  4734653  48.48
  2019          33      0.00150  0.00150  0.50   97533     146   97460  4637052  47.54
  2019          34      0.00153  0.00153  0.50   97387     149   97312  4539592  46.61
  2019          35      0.00161  0.00161  0.50   97237     157   97159  4442280  45.68
  2019          36      0.00166  0.00166  0.50   97080     161   97000  4345121  44.76
  2019          37      0.00175  0.00175  0.50   96919     170   96835  4248121  43.83
  2019          38      0.00187  0.00187  0.50   96750     181   96660  4151286  42.91
  2019          39      0.00194  0.00194  0.50   96569     187   96476  4054627  41.99
  2019          40      0.00210  0.00210  0.50   96382     202   96281  3958151  41.07
  2019          41      0.00207  0.00207  0.50   96180     199   96080  3861870  40.15
  2019          42      0.00219  0.00219  0.50   95981     210   95876  3765790  39.23
  2019          43      0.00227  0.00227  0.50   95770     217   95662  3669914  38.32
  2019          44      0.00241  0.00241  0.50   95553     230   95438  3574253  37.41
  2019          45      0.00266  0.00266  0.50   95323     253   95196  3478815  36.50
  2019          46      0.00283  0.00283  0.50   95070     269   94935  3383618  35.59
  2019          47      0.00308  0.00308  0.50   94801     292   94655  3288683  34.69
  2019          48      0.00332  0.00331  0.50   94509     313   94353  3194028  33.80
  2019          49      0.00356  0.00355  0.50   94196     335   94029  3099675  32.91
  2019          50      0.00393  0.00392  0.50   93861     368   93677  3005646  32.02
  2019          51      0.00422  0.00421  0.50   93493     393   93296  2911969  31.15
  2019          52      0.00460  0.00459  0.50   93099     427   92886  2818673  30.28
  2019          53      0.00493  0.00492  0.50   92672     456   92444  2725787  29.41
  2019          54      0.00548  0.00546  0.50   92216     504   91964  2633343  28.56
  2019          55      0.00612  0.00610  0.50   91713     559   91433  2541379  27.71
  2019          56      0.00651  0.00649  0.50   91153     592   90858  2449946  26.88
  2019          57      0.00712  0.00710  0.50   90562     643   90240  2359088  26.05
  2019          58      0.00761  0.00758  0.50   89919     682   89578  2268848  25.23
  2019          59      0.00826  0.00822  0.50   89237     734   88870  2179270  24.42
  2019          60      0.00902  0.00898  0.50   88503     795   88106  2090399  23.62
  2019          61      0.00962  0.00958  0.50   87709     840   87289  2002293  22.83
  2019          62      0.01039  0.01034  0.50   86869     898   86420  1915005  22.04
  2019          63      0.01103  0.01097  0.50   85971     943   85499  1828585  21.27
  2019          64      0.01173  0.01166  0.50   85028     991   84532  1743086  20.50
  2019          65      0.01259  0.01251  0.50   84036    1052   83511  1658554  19.74
  2019          66      0.01340  0.01331  0.50   82985    1105   82432  1575043  18.98
  2019          67      0.01432  0.01422  0.50   81880    1164   81298  1492611  18.23
  2019          68      0.01516  0.01504  0.50   80716    1214   80109  1411313  17.48
  2019          69      0.01629  0.01616  0.50   79501    1285   78859  1331205  16.74
  2019          70      0.01813  0.01797  0.50   78217    1405   77514  1252346  16.01
  2019          71      0.01962  0.01943  0.50   76811    1492   76065  1174832  15.30
  2019          72      0.02137  0.02114  0.50   75319    1593   74523  1098767  14.59
  2019          73      0.02333  0.02306  0.50   73726    1700   72876  1024244  13.89
  2019          74      0.02543  0.02511  0.50   72026    1809   71122   951368  13.21
  2019          75      0.02907  0.02866  0.50   70217    2012   69211   880246  12.54
  2019          76      0.03155  0.03106  0.50   68205    2118   67146   811035  11.89
  2019          77      0.03466  0.03407  0.50   66087    2251   64961   743889  11.26
  2019          78      0.03783  0.03712  0.50   63836    2370   62651   678927  10.64
  2019          79      0.04195  0.04109  0.50   61466    2525   60203   616277  10.03
  2019          80      0.04722  0.04613  0.50   58940    2719   57581   556074   9.43
  2019          81      0.05201  0.05069  0.50   56221    2850   54797   498493   8.87
  2019          82      0.05804  0.05640  0.50   53372    3010   51867   443696   8.31
  2019          83      0.06508  0.06303  0.50   50361    3174   48774   391830   7.78
  2019          84      0.07246  0.06992  0.50   47187    3299   45538   343055   7.27
  2019          85      0.08039  0.07728  0.50   43888    3392   42192   297518   6.78
  2019          86      0.09070  0.08677  0.50   40496    3514   38739   255326   6.30
  2019          87      0.10290  0.09786  0.50   36982    3619   35173   216586   5.86
  2019          88      0.11488  0.10864  0.50   33363    3625   31551   181414   5.44
  2019          89      0.13100  0.12295  0.50   29739    3656   27910   149863   5.04
  2019          90      0.14587  0.13596  0.50   26082    3546   24309   121952   4.68
  2019          91      0.16382  0.15142  0.50   22536    3412   20830    97643   4.33
  2019          92      0.18374  0.16828  0.50   19124    3218   17515    76813   4.02
  2019          93      0.20481  0.18579  0.50   15906    2955   14428    59298   3.73
  2019          94      0.22946  0.20584  0.50   12951    2666   11618    44870   3.46
  2019          95      0.24841  0.22097  0.50   10285    2273    9149    33252   3.23
  2019          96      0.27337  0.24049  0.50    8012    1927    7049    24103   3.01
  2019          97      0.29985  0.26076  0.50    6085    1587    5292    17054   2.80
  2019          98      0.32779  0.28163  0.50    4499    1267    3865    11762   2.61
  2019          99      0.35705  0.30296  0.50    3232     979    2742     7897   2.44
  2019         100      0.38747  0.32459  0.50    2253     731    1887     5155   2.29
  2019         101      0.41886  0.34633  0.50    1521     527    1258     3268   2.15
  2019         102      0.45101  0.36802  0.50     995     366     812     2010   2.02
  2019         103      0.48364  0.38946  0.50     629     245     506     1199   1.91
  2019         104      0.51650  0.41049  0.50     384     158     305      693   1.80
  2019         105      0.54930  0.43094  0.50     226      97     177      388   1.71
  2019         106      0.58176  0.45067  0.50     129      58     100      210   1.63
  2019         107      0.61361  0.46955  0.50      71      33      54      110   1.56
  2019         108      0.64459  0.48748  0.50      38      18      28       56   1.50
  2019         109      0.67446  0.50437  0.50      19      10      14       28   1.45
  2019         110+     0.70304  1.00000  1.42      10      10      14       14   1.42